chapter3Experiment

%% lungs

t =

     1


t =

     2


t =

     3


t =

     4


t =

     5

dice(MAX,est(MAX)) 0.904 0.910 0.907 0.929 0.950 
dice(MIN,est(MIN)) 0.934 0.823 0.913 0.929 0.935 
dice(VAR,est(VAR)) 0.650 0.685 0.715 0.731 0.698 

consensus 52295.681 25264.893 22822.453 25799.604 50882.940 
consensus_estimated 53295.887 24747.925 22541.630 27811.056 51020.794 
percent_change -0.019 0.020 0.012 -0.078 -0.003 

possible 32805.908 9591.064 11771.300 15589.534 34140.034 
possible_estimate 31490.822 13304.443 11670.514 15658.142 35934.935 
percent_change 0.040 -0.387 0.009 -0.004 -0.053 

recist_consensus 29.966 19.730 24.048 33.247 41.251 
recist_consensus_estimated 30.617 27.053 26.813 34.551 44.641 
percent_change -0.022 -0.371 -0.115 -0.039 -0.082 

recist_possible 43.331 42.903 41.149 43.804 54.302 
recist_possible_estimated 39.007 36.347 35.645 42.964 51.553 
percent_change  0.100 0.153 0.134 0.019 0.051 

vol_percent_low_diff -0.114 0.692 0.406 -1.243 0.635 
vol_percent_upper_diff 0.776 -0.188 0.152 2.712 -0.456 
vol_percent_low_diff_estimated -0.069 0.572 0.411 -1.253 0.616 
vol_percent_upper_diff_estimated 0.810 -0.205 0.137 3.001 -0.454 

recist_percent_low_diff 0.153 0.408 0.264 0.153 0.155 
recist_percent_upper_diff 0.225 0.287 0.259 0.115 0.113 
recist_percent_low_diff_estimated 0.134 0.189 0.180 0.120 0.085 
recist_percent_upper_diff_estimated 0.103 0.090 0.091 0.094 0.056 

var_volume 19489.773 15673.828 11051.153 10210.069 16742.907 
var_volume_estimate 21805.065 11443.481 10871.116 12152.914 15085.859 
percent_change -0.119 0.270 0.016 -0.190 0.099 



ans =

    0.9201    0.9068    0.6958   -0.0134   -0.0791    0.0152   -0.1258    0.0912


%% livers

t =

     1


t =

     2


t =

     3


t =

     4


t =

     5

dice(MAX,est(MAX)) 0.968 0.921 0.939 0.936 0.943 
dice(MIN,est(MIN)) 0.955 0.935 0.910 0.943 0.925 
dice(VAR,est(VAR)) 0.753 0.725 0.698 0.741 0.738 
consensus 120906.532 7491.171 46110.674 20431.929 36392.609 
consensus_estimated 123768.154 8615.240 43660.978 22682.799 37623.059 
percent_change -0.024 -0.150 0.053 -0.110 -0.034 
possible 87365.054 4787.118 25932.182 13412.840 21954.762 
possible_estimate 92343.043 4482.800 29090.944 13220.974 23041.613 
percent_change -0.057 0.064 -0.122 0.014 -0.050 
recist_consensus 62.669 19.062 41.198 21.110 31.969 
recist_consensus_estimated 64.307 18.614 45.020 21.196 32.695 
percent_change -0.026 0.024 -0.093 -0.004 -0.023 
recist_possible 72.829 24.095 56.835 26.856 44.077 
recist_possible_estimated 71.366 25.407 52.893 27.400 39.724 
percent_change  0.020 -0.054 0.069 -0.020 0.099 
vol_percent_low_diff 0.198 0.167 -0.497 0.332 0.328 
vol_percent_upper_diff 0.109 0.304 1.663 0.018 0.114 
vol_percent_low_diff_estimated 0.153 0.220 -0.680 0.341 0.295 
vol_percent_upper_diff_estimated 0.136 0.500 1.521 0.130 0.152 
recist_percent_low_diff 0.079 0.139 0.167 0.137 0.126 
recist_percent_upper_diff 0.071 0.088 0.150 0.097 0.206 
recist_percent_low_diff_estimated 0.055 0.159 0.089 0.134 0.106 
recist_percent_upper_diff_estimated 0.049 0.147 0.070 0.120 0.087 
var_volume 33541.478 2704.053 20178.492 7019.090 14437.847 
var_volume_estimate 31425.112 4132.440 14570.033 9461.826 14581.446 
percent_change 0.063 -0.528 0.278 -0.348 -0.010 



ans =

    0.9412    0.9336    0.7311   -0.0529   -0.0301   -0.1090   -0.0244    0.0227


%% kidneys

t =

     1


t =

     2


t =

     3


t =

     4


t =

     5


t =

     6

dice(MAX,est(MAX)) 0.967 0.978 0.977 0.972 0.972 0.968 
dice(MIN,est(MIN)) 0.970 0.972 0.974 0.973 0.971 0.964 
dice(VAR,est(VAR)) 0.713 0.753 0.779 0.722 0.746 0.720 
consensus 45589.830 49072.841 26973.267 42684.858 28945.423 45716.501 
consensus_estimated 48119.886 50422.549 27431.030 44364.195 29752.207 47223.445 
percent_change -0.055 -0.028 -0.017 -0.039 -0.028 -0.033 
possible 38128.295 39803.483 21814.270 35908.137 23283.182 36377.436 
possible_estimate 36874.503 41422.663 21774.902 35520.533 23541.294 36710.865 
percent_change 0.033 -0.041 0.002 0.011 -0.011 -0.009 
recist_consensus 54.794 62.277 63.719 60.717 57.628 64.644 
recist_consensus_estimated 54.216 63.150 64.002 59.448 57.876 64.422 
percent_change 0.011 -0.014 -0.004 0.021 -0.004 0.003 
recist_possible 72.164 68.171 69.324 76.700 62.535 69.770 
recist_possible_estimated 60.905 68.619 69.436 65.092 62.746 69.977 
percent_change  0.156 -0.007 -0.002 0.151 -0.003 -0.003 
vol_percent_low_diff 0.306 0.321 0.188 0.237 0.356 0.336 
vol_percent_upper_diff -0.171 -0.163 0.004 -0.093 -0.199 -0.166 
vol_percent_low_diff_estimated 0.329 0.293 0.190 0.245 0.349 0.330 
vol_percent_upper_diff_estimated -0.125 -0.140 0.021 -0.057 -0.177 -0.138 
recist_percent_low_diff 0.039 0.053 0.045 0.025 0.045 0.038 
recist_percent_upper_diff 0.265 0.036 0.039 0.232 0.037 0.038 
recist_percent_low_diff_estimated 0.049 0.040 0.041 0.045 0.041 0.041 
recist_percent_upper_diff_estimated 0.068 0.043 0.041 0.046 0.040 0.041 
var_volume 7461.535 9269.358 5158.997 6776.721 5662.241 9339.065 
var_volume_estimate 11245.383 8999.886 5656.128 8843.663 6210.913 10512.580 
percent_change -0.507 0.029 -0.096 -0.305 -0.097 -0.126 



ans =

    0.9722    0.9708    0.7389   -0.0334   -0.0026   -0.1837    0.0020    0.0488

%% brain

t =

     1


t =

     2

dice(MAX,est(MAX)) 0.962 0.933 
dice(MIN,est(MIN)) 0.961 0.900 
dice(VAR,est(VAR)) 0.729 0.728 
consensus 152785.420 22957.563 
consensus_estimated 152161.002 22621.036 
percent_change 0.004 0.015 
possible 112816.930 11912.942 
possible_estimate 117122.769 13129.592 
percent_change -0.038 -0.102 
recist_consensus 69.857 28.733 
recist_consensus_estimated 74.134 29.089 
percent_change -0.061 -0.012 
recist_possible 82.225 37.486 
recist_possible_estimated 81.769 36.687 
percent_change  0.006 0.021 
vol_percent_low_diff 0.701 0.763 
vol_percent_upper_diff -0.596 -0.543 
vol_percent_low_diff_estimated 0.690 0.739 
vol_percent_upper_diff_estimated -0.597 -0.550 
recist_percent_low_diff 0.115 0.146 
recist_percent_upper_diff 0.041 0.114 
recist_percent_low_diff_estimated 0.061 0.136 
recist_percent_upper_diff_estimated 0.036 0.090 
var_volume 39968.491 11044.621 
var_volume_estimate 35038.233 9491.444 
percent_change 0.123 0.141 



ans =

    0.9476    0.9306    0.7288    0.0094   -0.0701    0.1320   -0.0368    0.0134

